18
Physeter_catodon            0.0000000 0.0377817 0.0485924 0.0501240 0.0452134 0.0343462 0.0501187 0.0425103 0.0446723 0.0458785 0.0484536 0.0387419 0.0402957 0.0484536 0.0420297 0.0459521 0.0454011 0.0454055 
Eubalaena_glacialis         0.0377817 0.0000000 0.0367594 0.0401766 0.0381349 0.0373383 0.0392146 0.0349413 0.0190889 0.0372059 0.0379304 0.0230709 0.0345875 0.0389152 0.0187056 0.0377533 0.0215993 0.0339265 
Lagenorhynchus_albirostris  0.0485924 0.0367594 0.0000000 0.0078208 0.0160267 0.0442885 0.0078202 0.0141820 0.0383259 0.0072962 0.0066900 0.0222403 0.0369356 0.0066900 0.0343664 0.0153993 0.0389015 0.0152539 
Delphinus_delphis           0.0501240 0.0401766 0.0078208 0.0000000 0.0182995 0.0455790 0.0010935 0.0176602 0.0412490 0.0032678 0.0021173 0.0231173 0.0403703 0.0010793 0.0379815 0.0179888 0.0413737 0.0176874 
Delphinapterus_leucas       0.0452134 0.0381349 0.0160267 0.0182995 0.0000000 0.0452079 0.0183076 0.0136232 0.0390795 0.0154109 0.0171205 0.0166755 0.0383193 0.0171205 0.0369977 0.0027413 0.0403027 0.0147174 
Kogia_breviceps             0.0343462 0.0373383 0.0442885 0.0455790 0.0452079 0.0000000 0.0457357 0.0399130 0.0375077 0.0414339 0.0440694 0.0368008 0.0366198 0.0439446 0.0367061 0.0458158 0.0381569 0.0409171 
Tursiops_truncatus          0.0501187 0.0392146 0.0078202 0.0010935 0.0183076 0.0457357 0.0000000 0.0176589 0.0408105 0.0027570 0.0010935 0.0231173 0.0406837 0.0010935 0.0380836 0.0176722 0.0413854 0.0176874 
Neophocaena_asiaeorientalis 0.0425103 0.0349413 0.0141820 0.0176602 0.0136232 0.0399130 0.0176589 0.0000000 0.0364610 0.0141836 0.0164872 0.0184544 0.0343052 0.0164872 0.0336364 0.0130096 0.0375123 0.0040039 
Balaenoptera_ricei          0.0446723 0.0190889 0.0383259 0.0412490 0.0390795 0.0375077 0.0408105 0.0364610 0.0000000 0.0381866 0.0395088 0.0268589 0.0362126 0.0399697 0.0094776 0.0375211 0.0123607 0.0361985 
Orcinus_orca                0.0458785 0.0372059 0.0072962 0.0032678 0.0154109 0.0414339 0.0027570 0.0141836 0.0381866 0.0000000 0.0016502 0.0212322 0.0373841 0.0021832 0.0349480 0.0154791 0.0389651 0.0146928 
Lagenorhynchus_obliquidens  0.0484536 0.0379304 0.0066900 0.0021173 0.0171205 0.0440694 0.0010935 0.0164872 0.0395088 0.0016502 0.0000000 0.0221949 0.0393866 0.0005451 0.0367998 0.0164911 0.0400832 0.0170805 
Lipotes_vexillifer          0.0387419 0.0230709 0.0222403 0.0231173 0.0166755 0.0368008 0.0231173 0.0184544 0.0268589 0.0212322 0.0221949 0.0000000 0.0240059 0.0221949 0.0288047 0.0175792 0.0286686 0.0193616 
Mesoplodon_densirostris     0.0402957 0.0345875 0.0369356 0.0403703 0.0383193 0.0366198 0.0406837 0.0343052 0.0362126 0.0373841 0.0393866 0.0240059 0.0000000 0.0391019 0.0317570 0.0379342 0.0392155 0.0347907 
Globicephala_melas          0.0484536 0.0389152 0.0066900 0.0010793 0.0171205 0.0439446 0.0010935 0.0164872 0.0399697 0.0021832 0.0005451 0.0221949 0.0391019 0.0000000 0.0367183 0.0169015 0.0402868 0.0170805 
Balaenoptera_musculus       0.0420297 0.0187056 0.0343664 0.0379815 0.0369977 0.0367061 0.0380836 0.0336364 0.0094776 0.0349480 0.0367998 0.0288047 0.0317570 0.0367183 0.0000000 0.0361812 0.0141003 0.0340954 
Monodon_monoceros           0.0459521 0.0377533 0.0153993 0.0179888 0.0027413 0.0458158 0.0176722 0.0130096 0.0375211 0.0154791 0.0164911 0.0175792 0.0379342 0.0169015 0.0361812 0.0000000 0.0388822 0.0140957 
Balaenoptera_acutorostrata  0.0454011 0.0215993 0.0389015 0.0413737 0.0403027 0.0381569 0.0413854 0.0375123 0.0123607 0.0389651 0.0400832 0.0286686 0.0392155 0.0402868 0.0141003 0.0388822 0.0000000 0.0373903 
Phocoena_sinus              0.0454055 0.0339265 0.0152539 0.0176874 0.0147174 0.0409171 0.0176874 0.0040039 0.0361985 0.0146928 0.0170805 0.0193616 0.0347907 0.0170805 0.0340954 0.0140957 0.0373903 0.0000000 
